$ 1 0.000005 4.252108200006279 50 5 43
R -80 256 -80 192 0 0 40 5 0 0 0.5
s -80 256 0 256 0 0 false
r 224 256 304 256 0 470
368 432 256 496 256 0 0
w 176 256 224 256 0
r 176 96 176 160 0 100000
w 176 256 176 320 0
r 176 320 256 320 0 1000
162 256 320 320 320 2 default-led 1 0 0 0.01
g 320 320 384 320 0
t 176 96 208 96 0 -1 4.862672277732137 -0.13732568077889606 100
R 208 80 208 -32 0 0 40 5 0 0 0.5
368 432 112 496 112 0 0
r 208 112 352 112 0 470
g 352 176 416 176 0
162 288 176 352 176 2 default-led 1 0 0 0.01
r 208 176 288 176 0 1000
w 208 112 208 176 0
r 176 160 96 160 0 5000
g 96 160 48 160 0
w 304 256 432 256 0
r 352 176 352 112 0 100000
w 352 112 432 112 0
w 176 160 176 256 0
r 0 256 80 256 0 33
w 80 256 176 256 0
c 80 256 80 320 0 0.000009999999999999999 4.862674309099743
g 80 320 80 352 0
x -70 295 -1 298 4 24 Button
x 12 380 117 383 4 24 debounce
x 432 92 557 95 4 24 out\sinverted
x 436 241 469 244 4 24 out
o 3 64 0 4099 5 6.4 0 2 3 3
o 12 64 0 4099 5 6.4 1 2 12 3
